     43.75000000      6.50000000    9   0
     43.75000000      6.50000000    0   0
     48.75000000      6.50000000    0   0
     48.75000000      9.00000000    -1   0
     48.75000000     11.50000000    0   0
     43.75000000     11.50000000    0   0
     43.75000000      9.00000000    -1   0
     43.75000000      6.50000000    0   0

     43.75000000      6.50000000    9   0
     43.75000000      6.50000000    0   0
     48.75000000      6.50000000    0   0
     48.75000000      9.00000000    -1   0
     48.75000000     11.50000000    0   0
     43.75000000     11.50000000    0   0
     43.75000000      9.00000000    -1   0
     43.75000000      6.50000000    0   0

     43.75000000      6.50000000    9   0
     43.75000000      6.50000000    0   0
     43.75000000     11.50000000    0   0
     46.25000000     11.50000000    -1   0
     48.75000000     11.50000000    0   0
     48.75000000      6.50000000    0   0
     46.25000000      6.50000000    -1   0
     43.75000000      6.50000000    0   0